# N Mean
1 1.52056315146412890371e+00
2 8.51855965960704009099e-01
3 1.01766986773240852848e+00
4 1.11208242590636130487e+00
5 1.23665435548715962888e+00
6 9.62654314219324902524e-01
7 8.25942021780088131422e-01
8 8.85785367112041033266e-01
9 7.68845229922876849393e-01
10 7.58151693669218307292e-01
11 7.28518917479878513888e-01
12 7.41693405547036443970e-01
13 6.91898021918458949742e-01
14 6.81062643966200975676e-01
15 7.59437746070063424142e-01
16 8.21259462191378353246e-01
17 8.26310975231868027890e-01
18 8.44398742624433595871e-01
19 7.69683422805642947218e-01
20 7.72244583103919635114e-01
21 6.90180636997684837652e-01
22 6.46475167674572359644e-01
23 5.92789061704289022003e-01
24 6.26944945078317439346e-01
25 5.80668637985674918056e-01
26 5.66136505091554775859e-01
27 5.22552610100918135672e-01
28 4.79833817100074944140e-01
29 5.32142083890095651810e-01
30 5.02896371624849902737e-01
31 5.04054462321248064605e-01
32 5.35719532376141005514e-01
33 5.44877107085560474786e-01
34 5.25559981968103606675e-01
35 5.36619891143559457625e-01
36 5.37626604450692657799e-01
37 5.36089370843165324843e-01
38 5.72463994548627064241e-01
39 5.54645696053510439683e-01
40 5.73631380986716288284e-01
41 5.73792443344113833881e-01
42 5.91315040141291214937e-01
43 5.82230640748947925189e-01
44 6.07056952459552490176e-01
45 5.90232225471905236347e-01
46 5.78648373652834946412e-01
47 5.96616994639511788456e-01
48 6.20793295207337059161e-01
49 5.91986612217304419836e-01
50 6.17106504494839502861e-01
51 6.16339436772711302126e-01
52 5.90220746518788641488e-01
53 5.71096610508684543461e-01
54 5.78848169221937713935e-01
55 5.98699980829660360904e-01
56 5.88842459846015020553e-01
57 5.64345468662153848527e-01
58 5.38409670005807416970e-01
59 5.35607899528129927091e-01
60 5.13169226452321436405e-01
61 5.00081859830591279881e-01
62 5.22853158785517746487e-01
63 5.41643175637405049905e-01
64 5.57441866022973298023e-01
65 5.45788871901513039653e-01
66 5.46902389329770421966e-01
67 5.40614606341522141442e-01
68 5.51498894617385659878e-01
69 5.51297549658006480477e-01
70 5.57752888696552373560e-01
71 5.58274950862544305785e-01
72 5.38268924184734598448e-01
73 5.35181853850488886692e-01
74 5.52213249997813515613e-01
75 5.68749465145519828013e-01
76 5.76566669935673625780e-01
77 5.67168144470927226841e-01
78 5.75481411140600584986e-01
79 5.79841601502053105577e-01
80 5.73370406973814028539e-01
81 5.79422428749439832885e-01
82 5.66233405215479268513e-01
83 5.63270515788927061962e-01
84 5.76091410943615822582e-01
85 5.86815079991208854437e-01
86 5.79887130096675584845e-01
87 5.69622962085579498392e-01
88 5.82242215286333575364e-01
89 5.76274106526435625497e-01
90 5.81648946731187943548e-01
91 5.95800109500422836462e-01
92 5.97649243088235415655e-01
93 6.01673575082912304168e-01
94 6.12039058090423915282e-01
95 6.08951065463113838661e-01
96 6.21065214434552648193e-01
97 6.16675985419304684143e-01
98 6.25121135455945386994e-01
99 6.29439665156607319751e-01
100 6.40474429428798508468e-01
101 6.38563513988605779836e-01
102 6.28846958723094595634e-01
103 6.40710164196035103501e-01
104 6.51476266089833888628e-01
105 6.39966778262902269425e-01
106 6.49431115340721509810e-01
107 6.51990093598764586247e-01
108 6.48692595091453827472e-01
109 6.50620089189882788716e-01
110 6.43279708717699238996e-01
111 6.49718686963955294189e-01
112 6.43224534591265717509e-01
113 6.40550872671089455146e-01
114 6.32110249888595543410e-01
115 6.22810154920942715684e-01
116 6.15964412345791467729e-01
117 6.16420539299460945593e-01
118 6.13311075760820223479e-01
119 6.04029648725505241558e-01
120 6.13332833332630444900e-01
121 6.02557467481096398210e-01
122 5.92521963791004635524e-01
123 5.91658632376140580789e-01
124 5.97221269899616769017e-01
125 6.08077539701051050791e-01
126 6.17577019224500478600e-01
127 6.21008184825972531229e-01
128 6.17325034894811941477e-01
129 6.22224163672904673206e-01
130 6.18253136452620366548e-01
131 6.12636555914914393561e-01
132 6.05698283641628032470e-01
133 6.06809315358175505040e-01
134 6.00290127982757049097e-01
135 5.91822566853960729816e-01
136 5.96268324065339139217e-01
137 5.87364356109875807022e-01
138 5.93111072113040260767e-01
139 5.85191609731030126795e-01
140 5.89834627999980321000e-01
141 5.80144945544634915713e-01
142 5.89089784625769552484e-01
143 5.79079281147336311086e-01
144 5.78979356551921564566e-01
145 5.71735581466291442609e-01
146 5.65903057738545101074e-01
147 5.71532248880534665680e-01
148 5.75764890679049012867e-01
149 5.78408689794996266897e-01
150 5.87234067966805217686e-01
151 5.89427054514317649847e-01
152 5.93965064192836456058e-01
153 5.85379942410264031416e-01
154 5.77713236518034634059e-01
155 5.77603023440752982864e-01
156 5.68994647810627474094e-01
157 5.60336842367665788345e-01
158 5.54347148800489630815e-01
159 5.53277427236810726008e-01
160 5.58938392319920929197e-01
161 5.59938500971267849593e-01
162 5.64301488657795169424e-01
163 5.55660476189805963010e-01
164 5.49061457345552339504e-01
165 5.57854907381281073242e-01
166 5.52162924999290205541e-01
167 5.58855763372549718682e-01
168 5.51817368515615802593e-01
169 5.60347425494306716764e-01
170 5.52122868479341777359e-01
171 5.58318755767718388761e-01
172 5.50520311829031938622e-01
173 5.41629933301806421042e-01
174 5.48684976110425659535e-01
175 5.50016356462487587820e-01
176 5.44283972602766397131e-01
177 5.38324145061620185082e-01
178 5.36283395324955391992e-01
179 5.43002929609241902220e-01
180 5.48092276990146398674e-01
181 5.45491137924480451460e-01
182 5.46106324350480232255e-01
183 5.47156508274380670720e-01
184 5.46127002998780031184e-01
185 5.48916383003437369226e-01
186 5.42195973366680350480e-01
187 5.42464572247618126433e-01
188 5.46344449507609519756e-01
189 5.42992814585984584497e-01
190 5.50538564952782416562e-01
191 5.51482935490518855204e-01
192 5.57115010485397799123e-01
193 5.60671035763034453225e-01
194 5.62351751011864187113e-01
195 5.54884627777133987436e-01
196 5.58397505191092879961e-01
197 5.63175769763761602249e-01
198 5.69301799479970283002e-01
199 5.74580755403793275171e-01
200 5.79173414739395320261e-01
201 5.85935250426862674900e-01
202 5.89130786918390603191e-01
203 5.94652797922919917895e-01
204 6.01300515651431943809e-01
205 6.03248518032239777753e-01
206 6.02707387154229556891e-01
207 5.97341187266015816171e-01
208 6.01632986853856688292e-01
209 6.06729701033955071132e-01
210 6.00178531231441936278e-01
211 6.01832286810022765167e-01
212 5.97786532415645610605e-01
213 5.99151098507415436067e-01
214 5.94890630473919435062e-01
215 5.97248627049217106766e-01
216 5.94254889944480169106e-01
217 5.91453397962735660798e-01
218 5.87337941352209069734e-01
219 5.81105726595130711587e-01
220 5.82551685022531962055e-01
221 5.78426877577853160162e-01
222 5.80115928792423574123e-01
223 5.79900421998438164728e-01
224 5.85857996582453077750e-01
225 5.82543632330315697132e-01
226 5.82790433222540538161e-01
227 5.85323540249462759277e-01
228 5.79860900443374571722e-01
229 5.79138583356487490761e-01
230 5.80001544979523053769e-01
231 5.85425582829752544356e-01
232 5.84422682360958845038e-01
233 5.81953286200496133773e-01
234 5.86060551250166650306e-01
235 5.84858335658514860711e-01
236 5.78183912114594078524e-01
237 5.75891274784935625064e-01
238 5.76813764802238337914e-01
239 5.80675338515313166354e-01
240 5.77012837580178294949e-01
241 5.78877630542124266277e-01
242 5.78340329751215298515e-01
243 5.77794927033247307513e-01
244 5.75078009504319198619e-01
245 5.77368555505846203779e-01
246 5.73182778296679851238e-01
247 5.74366121152959707707e-01
248 5.68512196907937084056e-01
249 5.67200707036495055391e-01
250 5.69283709701748574794e-01
251 5.71086601252780323712e-01
252 5.72443084813949454315e-01
253 5.70343893250121025673e-01
254 5.66342017303248179694e-01
255 5.67365450906326618252e-01
256 5.68592436094258468771e-01
257 5.71018878120030048962e-01
258 5.68747965082441409024e-01
259 5.71267530172772541874e-01
260 5.67557417836980437897e-01
261 5.72136673213378244007e-01
262 5.73976875263952246442e-01
263 5.75442328198068175915e-01
264 5.72398215010397337643e-01
265 5.72492270494460719910e-01
266 5.67569107387896676364e-01
267 5.64624993979489508966e-01
268 5.68608302894762718260e-01
269 5.70428996129545562432e-01
270 5.65654150618596696098e-01
271 5.61108662594021256886e-01
272 5.59357537816335570469e-01
273 5.59982863858456969552e-01
274 5.60784511673731556058e-01
275 5.62380458078693745705e-01
276 5.59858548179122061939e-01
277 5.62629101177361978792e-01
278 5.60120141228663381838e-01
279 5.58072851244264089843e-01
280 5.54541351583439867667e-01
281 5.59518391644669543794e-01
282 5.54026254522507644040e-01
283 5.57305926436837517635e-01
284 5.55323994395008457836e-01
285 5.51847780821480005109e-01
286 5.51000379458359890172e-01
287 5.55616792371655732197e-01
288 5.59787536717774814043e-01
289 5.62330189896575904918e-01
290 5.64174658928147887416e-01
291 5.60048386854593460704e-01
292 5.61751499827937594844e-01
293 5.60351309787976314958e-01
294 5.62944742352837645960e-01
295 5.67236976524933322885e-01
296 5.71228806794803256608e-01
297 5.74644707674300980749e-01
298 5.71409808148774067682e-01
299 5.74117369052230097637e-01
300 5.74350731654256096981e-01
301 5.72083338383778783331e-01
302 5.75867159827013974649e-01
303 5.79672644027992678417e-01
304 5.83101144884992983464e-01
305 5.82810425654171626597e-01
306 5.83286857741461606253e-01
307 5.79720028336287440673e-01
308 5.77259033136426347177e-01
309 5.80548605460259992128e-01
310 5.80215211461789004410e-01
311 5.79606758862209359151e-01
312 5.82706822098526200371e-01
313 5.82404027743991803412e-01
314 5.80145288349499521630e-01
315 5.76847251609184930032e-01
316 5.78352593586578977991e-01
317 5.80258897235326420727e-01
318 5.76601399443164019942e-01
319 5.77330945147488505675e-01
320 5.77018239550883160760e-01
321 5.79938434469354557876e-01
322 5.81779482699718131222e-01
323 5.78537510707783697583e-01
324 5.75720717855288777187e-01
325 5.75474120099139341278e-01
326 5.71757255776838113626e-01
327 5.68218901360116546151e-01
328 5.66734477312418993833e-01
329 5.64934132396868293746e-01
330 5.68663683150780863151e-01
331 5.72158517834238877775e-01
332 5.73044445061656193552e-01
333 5.75859576740245349136e-01
334 5.78489885895819400119e-01
335 5.78220433282685353227e-01
336 5.76514167326841908690e-01
337 5.75346414542687756288e-01
338 5.76533240212232844790e-01
339 5.77271043571188968713e-01
340 5.74916476851482283195e-01
341 5.71628422536334834803e-01
342 5.67669377534447572309e-01
343 5.64042192311510426350e-01
344 5.65139808455699110823e-01
345 5.63764895647898001130e-01
346 5.61744790635093194098e-01
347 5.60109092278741615978e-01
348 5.56411783791178615743e-01
349 5.55625455361811626531e-01
350 5.59190765318217208879e-01
351 5.59736406711149991899e-01
352 5.57567791831076520204e-01
353 5.58753831807060064030e-01
354 5.60806316529476545085e-01
355 5.60528779286927902881e-01
356 5.57470598307076903311e-01
357 5.60528411125744585597e-01
358 5.61412398687769265138e-01
359 5.61389367393862692701e-01
360 5.58784204632409409186e-01
361 5.59099710542351635567e-01
362 5.58324844290993604901e-01
363 5.60890938743656031207e-01
364 5.59853230479954833143e-01
365 5.57587827001532199134e-01
366 5.56004364058102940049e-01
367 5.57726641551875568226e-01
368 5.58700108395274286366e-01
369 5.62482855749087296005e-01
370 5.61002439332938585004e-01
371 5.64052785315312110725e-01
372 5.60945718247102931286e-01
373 5.60064801612834450850e-01
374 5.55936889429004654772e-01
375 5.58053980342137823101e-01
376 5.60088833332787028318e-01
377 5.58287627424949306487e-01
378 5.55075235398528987751e-01
379 5.57823333572762480870e-01
380 5.59415949452886973603e-01
381 5.55710100189611311272e-01
382 5.55164564158417639383e-01
383 5.58830978712422599131e-01
384 5.60302062843106685186e-01
385 5.57892573740706887442e-01
386 5.57539696431456399672e-01
387 5.60221877152189295934e-01
388 5.56926868529615592962e-01
389 5.53692295318237714952e-01
390 5.52653822248533099781e-01
391 5.50998158521207592742e-01
392 5.52070509462289193969e-01
393 5.54297520699495005481e-01
394 5.51355411342579371237e-01
395 5.47819131461159236629e-01
396 5.44315211650752028838e-01
397 5.43884057024876410580e-01
398 5.45890893721935221983e-01
399 5.47220062726297529210e-01
400 5.46671214333815380648e-01
401 5.43705285726577391969e-01
402 5.44265496770182877206e-01
403 5.44741027898978935617e-01
404 5.44852306686093523780e-01
405 5.45445599188390861656e-01
406 5.44313345307456231126e-01
407 5.42761853946313821417e-01
408 5.45515305226333846456e-01
409 5.45232270164574983617e-01
410 5.42705998294316427355e-01
411 5.43403033199231666472e-01
412 5.43485165027653094327e-01
413 5.44243738819424449638e-01
414 5.44833943994159630719e-01
415 5.42800533599009815688e-01
416 5.45076072939993938604e-01
417 5.41875100611919235938e-01
418 5.38895763682142203699e-01
419 5.41836784371299229335e-01
420 5.39377526558113995492e-01
421 5.39153827117592410190e-01
422 5.37109559128939872963e-01
423 5.39339343221445166598e-01
424 5.37766575873712238121e-01
425 5.36669664333722318261e-01
426 5.39247512747117907494e-01
427 5.38061342633711525707e-01
428 5.40179717993343300186e-01
429 5.41198968416430115091e-01
430 5.37868231744271119155e-01
431 5.36092218911668583203e-01
432 5.37941014686701524106e-01
433 5.38726121638104293865e-01
434 5.40960188737020009064e-01
435 5.39542969108250280996e-01
436 5.37532613888652588408e-01
437 5.35373641693711599387e-01
438 5.36063030665974160627e-01
439 5.33313907747733018105e-01
440 5.34428684618905025516e-01
441 5.36270766546987465162e-01
442 5.37678265748855355177e-01
443 5.35563996697899225019e-01
444 5.34816246602938805133e-01
445 5.33495253000539904065e-01
446 5.32976262985252247084e-01
447 5.31097094285025494997e-01
448 5.30262602346148859134e-01
449 5.30414663298935495916e-01
450 5.28045233569439664834e-01
451 5.28351548369733081678e-01
452 5.25067005189377322694e-01
453 5.24218389330089684641e-01
454 5.23386413668041949876e-01
455 5.22051990821808087340e-01
456 5.23565524158405071198e-01
457 5.21941386306425503250e-01
458 5.22873778242337605704e-01
459 5.23165881530413545697e-01
460 5.25851983259039368335e-01
461 5.27006228617998617736e-01
462 5.28959366409651798868e-01
463 5.30178773110769663290e-01
464 5.28897895188087718843e-01
465 5.29776968813337578723e-01
466 5.26532842952906476874e-01
467 5.26687760873236432424e-01
468 5.28835284665449045782e-01
469 5.29531457468714883419e-01
470 5.30379427944962511532e-01
471 5.30432857238699595470e-01
472 5.29737294284599480321e-01
473 5.28800139315035333532e-01
474 5.30124615184561331915e-01
475 5.31967910939616928090e-01
476 5.33021417612466796854e-01
477 5.30769019265806774044e-01
478 5.27773012847725264685e-01
479 5.24981590673695430738e-01
480 5.26090306893964854140e-01
481 5.24087726705928957927e-01
482 5.24778156736385947845e-01
483 5.25970962640966654966e-01
484 5.26337744241668792355e-01
485 5.23197617838592421435e-01
486 5.20098707978602581292e-01
487 5.18857676647416221627e-01
488 5.17353277647223497304e-01
489 5.18270968940858445251e-01
490 5.20422794794366927462e-01
491 5.18433102014449032069e-01
492 5.17428285572502866252e-01
493 5.18411233320878683806e-01
494 5.20675640356427438249e-01
495 5.21562992253815083110e-01
496 5.20389858509460734304e-01
497 5.22672862067257382179e-01
498 5.20737363026787636322e-01
499 5.18634517708669307012e-01
500 5.18618014582721165162e-01
501 5.20550657110935954819e-01
502 5.21559444997125143395e-01
503 5.23927140134377355984e-01
504 5.22041044446615032371e-01
505 5.21370792628010337744e-01
506 5.22550297378693962003e-01
507 5.24688801724531472814e-01
508 5.24920105822916038818e-01
509 5.26279551878071072402e-01
510 5.28772050391256742685e-01
511 5.27148928294032814712e-01
512 5.29595370591008363093e-01
513 5.29838515665084330841e-01
514 5.32310152925188684314e-01
515 5.32214833483254934343e-01
516 5.32458031930654884789e-01
517 5.34943388725062196620e-01
518 5.36611330233353833741e-01
519 5.38356618993780844384e-01
520 5.38828032829325342945e-01
521 5.39658694430766416872e-01
522 5.42429271334436746699e-01
523 5.44848250215353435699e-01
524 5.43758128080028213525e-01
525 5.45813690018221775446e-01
526 5.46235089950164676154e-01
527 5.46931632296291492246e-01
528 5.48316176122181087038e-01
529 5.49786777671157023129e-01
530 5.51362143101295942849e-01
531 5.49925215761563945804e-01
532 5.50419973467560774694e-01
533 5.50159697026206373494e-01
534 5.48194723479980550174e-01
535 5.49761595455253493370e-01
536 5.51712145664616571139e-01
537 5.53699765541992627860e-01
538 5.54516760828294374974e-01
539 5.53928506707983547841e-01
540 5.54450754225774944395e-01
541 5.54887438638995367235e-01
542 5.55592082568979961366e-01
543 5.55702722470812204847e-01
544 5.53661036977250220481e-01
545 5.53997557122336670155e-01
546 5.51332525313675159140e-01
547 5.52340566485523432050e-01
548 5.52344419483344784005e-01
549 5.54066610485402843977e-01
550 5.54050393453992540138e-01
551 5.51843303486510672329e-01
552 5.51694004033449036939e-01
553 5.51656667823550272978e-01
554 5.49118477170490337791e-01
555 5.50729172268744182617e-01
556 5.50015586031199821271e-01
557 5.50667208139309916071e-01
558 5.50319000170715111331e-01
559 5.48318332898787508256e-01
560 5.47766395687150353666e-01
561 5.46328483426225308683e-01
562 5.45748361075402366183e-01
563 5.43095823684031975276e-01
564 5.44176842166035235060e-01
565 5.44490092968582639621e-01
566 5.46070218316668021252e-01
567 5.46426437955987331918e-01
568 5.46063411771946727313e-01
569 5.45863096932558744534e-01
570 5.48388766137574479309e-01
571 5.45985580435651041142e-01
572 5.43672286221494771574e-01
573 5.44333065813572658520e-01
574 5.44764261310413333561e-01
575 5.43239118427980227644e-01
576 5.41704612158373510766e-01
577 5.42309507926891587459e-01
578 5.44434470978268914010e-01
579 5.45590569502358513354e-01
580 5.45319821535646842570e-01
581 5.44924581556128884152e-01
582 5.46654538181973403965e-01
583 5.48903821573776151688e-01
584 5.51126130909086797693e-01
585 5.53085331341423347418e-01
586 5.54361706221228822677e-01
587 5.53418513699884817569e-01
588 5.53515127592703937154e-01
589 5.51993723594364604779e-01
590 5.51791452355649414407e-01
591 5.53987170673925000131e-01
592 5.53724533206366054117e-01
593 5.55578207543313440375e-01
594 5.57844626029251333676e-01
595 5.56152947726707758136e-01
596 5.55847518215798142016e-01
597 5.57162131797979798264e-01
598 5.58403236579627981762e-01
599 5.60333021701607592036e-01
600 5.59020393488007361071e-01
601 5.60228075584729645620e-01
602 5.62437853293694667300e-01
603 5.61497719844583742521e-01
604 5.60911028793025234762e-01
605 5.61111760209871190952e-01
606 5.61280461082112491766e-01
607 5.61783293653373982934e-01
608 5.60157141863123486658e-01
609 5.59949794567804914891e-01
610 5.59163508587967483798e-01
611 5.59822225847218968298e-01
612 5.61766254942974940789e-01
613 5.60249629214303879188e-01
614 5.60672067127955919830e-01
615 5.62356015806525166845e-01
616 5.60354355173229956577e-01
617 5.59641734693377190801e-01
618 5.58084075250901423537e-01
619 5.58700353885021483435e-01
620 5.59054185075005150019e-01
621 5.59812007469402517224e-01
622 5.60180511519822732502e-01
623 5.57959646300941636277e-01
624 5.58159414985739732451e-01
625 5.58371723623561133643e-01
626 5.57045055560540736117e-01
627 5.54652212194159388581e-01
628 5.53819205708190098747e-01
629 5.51392180430433698213e-01
630 5.53328187746393140856e-01
631 5.53725893047186445983e-01
632 5.54925785053463793695e-01
633 5.56674071403252312962e-01
634 5.58634865639877631338e-01
635 5.56997950834650756846e-01
636 5.56662961256384591913e-01
637 5.56516178122253402094e-01
638 5.57815829563371612387e-01
639 5.58377976284302857124e-01
640 5.60469643108591375480e-01
641 5.58762216431394898031e-01
642 5.57702878614880437347e-01
643 5.59396362123849244519e-01
644 5.58680038312616922269e-01
645 5.60446881425970544477e-01
646 5.61503330956167001631e-01
647 5.61296087621438677395e-01
648 5.60150509344449987204e-01
649 5.62122421467457389355e-01
650 5.60283736883293803643e-01
651 5.61876291904683022871e-01
652 5.62348235274724994603e-01
653 5.63257348189452611287e-01
654 5.65108053369536844635e-01
655 5.63561626835216933351e-01
656 5.62469080576045943332e-01
657 5.60854205342501521692e-01
658 5.59407513447192750178e-01
659 5.59891531514533302705e-01
660 5.58329144888203288133e-01
661 5.56546510369029356902e-01
662 5.55226433544259712072e-01
663 5.57165419314405996332e-01
664 5.54882939422045140532e-01
665 5.53270293300204940579e-01
666 5.51478548060222673044e-01
667 5.51229769654197010453e-01
668 5.51820197204434981231e-01
669 5.53604713742287257716e-01
670 5.51737499145780407872e-01
671 5.52171094699430708985e-01
672 5.50176302746985479430e-01
673 5.49628103593292616225e-01
674 5.49538585470943474753e-01
675 5.49183350130018399504e-01
676 5.48192741799556126914e-01
677 5.46987444050466398160e-01
678 5.48742877945864626632e-01
679 5.48963423755768009649e-01
680 5.47526900546487560462e-01
681 5.45407402991345269250e-01
682 5.45041014627249409408e-01
683 5.46353855031334156855e-01
684 5.47397413774685204224e-01
685 5.46699241014788617221e-01
686 5.48808877231099390137e-01
687 5.46710173355807627082e-01
688 5.46744962530265610212e-01
689 5.45374999772219370975e-01
690 5.46012680549545326159e-01
691 5.46813474767153140377e-01
692 5.45998496263083055169e-01
693 5.47617589902672619040e-01
694 5.48183177644413488494e-01
695 5.47429600586125775230e-01
696 5.45422523078818222153e-01
697 5.46505279065997440213e-01
698 5.47742363871598691993e-01
699 5.48526908456493655919e-01
700 5.49237248881232154041e-01
701 5.50896769792183715886e-01
702 5.50024864340857733147e-01
703 5.51031139227750710319e-01
704 5.50097571813748298375e-01
705 5.51342982395702341236e-01
706 5.49948999189442289115e-01
707 5.50264957887204753106e-01
708 5.48301756246629801161e-01
709 5.46547257947987974447e-01
710 5.45033565021273647133e-01
711 5.43890684954865699652e-01
712 5.42296051309425153342e-01
713 5.42611703157039992895e-01
714 5.40695099719036176289e-01
715 5.42272672397589583504e-01
716 5.44080259298293067438e-01
717 5.42161132761516340040e-01
718 5.43879096197489531050e-01
719 5.43688930580089935241e-01
720 5.42615622557986676533e-01
721 5.42918560133524019662e-01
722 5.41483093292351225223e-01
723 5.41776692756695710251e-01
724 5.41621012244078992026e-01
725 5.42869323930465941253e-01
726 5.44570884955558720542e-01
727 5.44619023569268057017e-01
728 5.44896676599557983067e-01
729 5.45779113394519566071e-01
730 5.44587233354853594847e-01
731 5.43558407639448626369e-01
732 5.44046380451673194933e-01
733 5.44142532493894215406e-01
734 5.42106850220501201854e-01
735 5.43810860201096368804e-01
736 5.43129918622146545815e-01
737 5.41873490757801112849e-01
738 5.41908738037354842376e-01
739 5.41450074054157126646e-01
740 5.40612310503416626517e-01
741 5.41285858349493276265e-01
742 5.41817012035890721577e-01
743 5.41531950883631596483e-01
744 5.40544766919685892859e-01
745 5.41308544067550356793e-01
746 5.40581154785147566244e-01
747 5.39380339281569476384e-01
748 5.40367297751123687455e-01
749 5.39344557724471096449e-01
750 5.40026394303900536542e-01
751 5.38040383696008372993e-01
752 5.39366618071021375336e-01
753 5.40718366909045733415e-01
754 5.41065276148941176615e-01
755 5.40301524304943936450e-01
756 5.40914723977266587163e-01
757 5.40967003814207036960e-01
758 5.42290266727974756833e-01
759 5.41247237267465264310e-01
760 5.40230706243785330223e-01
761 5.38495458240168756170e-01
762 5.38501562024099045267e-01
763 5.39983785621519052356e-01
764 5.40368928316109053966e-01
765 5.40437855580295223312e-01
766 5.41643540300708048463e-01
767 5.43384384006159848468e-01
768 5.44252686719717049257e-01
769 5.43586400175848694083e-01
770 5.42984114872810508245e-01
771 5.41153715129949919316e-01
772 5.39250134666742986234e-01
773 5.37278567363287828940e-01
774 5.37181001370615196500e-01
775 5.36331292567868933574e-01
776 5.37089612231021917843e-01
777 5.38277963603221110134e-01
778 5.38257334670892428896e-01
779 5.38082951217253024900e-01
780 5.36412041851869525466e-01
781 5.35178416503981124741e-01
782 5.35070701204183984956e-01
783 5.36648059542268018873e-01
784 5.34854100457210712705e-01
785 5.33221462094657372432e-01
786 5.32205372336849946713e-01
787 5.32970123597966027873e-01
788 5.33351790378164047901e-01
789 5.31761452498738185213e-01
790 5.33474027269039141608e-01
791 5.34825396649308060226e-01
792 5.33516629962124233622e-01
793 5.33383370732959605220e-01
794 5.34313423631936124103e-01
795 5.35317450752761492261e-01
796 5.33414966951886282409e-01
797 5.33668947824644024358e-01
798 5.34515710603903015929e-01
799 5.35387632384466627400e-01
800 5.36928042915266967583e-01
801 5.35370345434864391976e-01
802 5.36402211747038504264e-01
803 5.38024756507700985253e-01
804 5.36490448315786738753e-01
805 5.35606223678669279842e-01
806 5.34591777165173698272e-01
807 5.35700372635084742790e-01
808 5.34152634851954633000e-01
809 5.35025364583970430843e-01
810 5.34156988756424921938e-01
811 5.32906365946718030280e-01
812 5.34483010364522281854e-01
813 5.35403186240742678947e-01
814 5.33873261157659539933e-01
815 5.35602650739136265656e-01
816 5.36828406048995732114e-01
817 5.36201466850733998726e-01
818 5.36863066993336190968e-01
819 5.36658768411636843965e-01
820 5.36374055628180301802e-01
821 5.36892584066073985660e-01
822 5.36205305659967268461e-01
823 5.36527627847958821228e-01
824 5.35136123400299257291e-01
825 5.33570861560262121870e-01
826 5.33087109245622636777e-01
827 5.31730133670032523163e-01
828 5.32271078954617560264e-01
829 5.30836948695256660713e-01
830 5.32175759025628414278e-01
831 5.32434691788454594885e-01
832 5.31353147034447137464e-01
833 5.31921722667425322939e-01
834 5.31987349546113374998e-01
835 5.31274826285175305607e-01
836 5.32827926091941295184e-01
837 5.33750015634596564063e-01
838 5.32356827964443390933e-01
839 5.30667242361637758741e-01
840 5.30684076430195439400e-01
841 5.30288375616745022434e-01
842 5.29224727186433652193e-01
843 5.29021553716173209558e-01
844 5.27779212643823547602e-01
845 5.27065557440583143389e-01
846 5.26798665836541224472e-01
847 5.25015319915648870364e-01
848 5.25515725963356494788e-01
849 5.24164901367310753777e-01
850 5.24002174660783581750e-01
851 5.22508110921995339027e-01
852 5.23468490541874942323e-01
853 5.24446601262301248525e-01
854 5.25066722805704988453e-01
855 5.26476796242695832539e-01
856 5.27732771996889171717e-01
857 5.26169515375656038358e-01
858 5.24555737173899361281e-01
859 5.24621708224618510386e-01
860 5.23466798030804536523e-01
861 5.24930364283001216208e-01
862 5.23542479583460562687e-01
863 5.23125846812215189452e-01
864 5.23433078458359180019e-01
865 5.23886020902652571607e-01
866 5.24552456012532530849e-01
867 5.24660515756257495035e-01
868 5.24309345996941011947e-01
869 5.25394464786478332385e-01
870 5.25633131793657781827e-01
871 5.27055657502987329188e-01
872 5.26067264851064475550e-01
873 5.27031370114378394653e-01
874 5.26568636870517248205e-01
875 5.26133316091323743890e-01
876 5.24725026602900879169e-01
877 5.25750286295255331304e-01
878 5.25335955246988506318e-01
879 5.26151080864005193938e-01
880 5.27601526704748691188e-01
881 5.28759544071413123412e-01
882 5.29854357859945168663e-01
883 5.30549081085902929367e-01
884 5.30973360136486438599e-01
885 5.30993068999031425648e-01
886 5.31380181197019574313e-01
887 5.31352924850954089209e-01
888 5.31583876006627376043e-01
889 5.32128238683877485826e-01
890 5.30506104337695183482e-01
891 5.31333635639258172745e-01
892 5.31633844159681956398e-01
893 5.30385656678943884224e-01
894 5.29156841504394903630e-01
895 5.28104927295940496101e-01
896 5.29002389115955984344e-01
897 5.30121498734210994108e-01
898 5.30874073767647058908e-01
899 5.29785310483481097776e-01
900 5.30307906015608954142e-01
901 5.29651591623133688458e-01
902 5.28306887980449668696e-01
903 5.29566014965877518428e-01
904 5.28213286848351781799e-01
905 5.28115074841780995918e-01
906 5.27323514615135602313e-01
907 5.26300193785739112151e-01
908 5.25569917356792926100e-01
909 5.26062061711095707572e-01
910 5.27507051637739587946e-01
911 5.26561108239261277397e-01
912 5.26554729789606490442e-01
913 5.27440637205514595287e-01
914 5.28842832989099065344e-01
915 5.27637929043273667951e-01
916 5.26935053468559955192e-01
917 5.27105268304931429135e-01
918 5.27548028932917190126e-01
919 5.28737031572915405775e-01
920 5.27834648226755964728e-01
921 5.28371188451675188880e-01
922 5.28761325934617665290e-01
923 5.29811057965415055371e-01
924 5.30795018529562789844e-01
925 5.31648108064511126791e-01
926 5.30086239280317617073e-01
927 5.30346363440609369633e-01
928 5.30693777440185754379e-01
929 5.31512504797797102896e-01
930 5.32363886210455494741e-01
931 5.31634030095352039247e-01
932 5.30237706167845712635e-01
933 5.31427190003134541918e-01
934 5.30342328340897672945e-01
935 5.29279887270778126585e-01
936 5.28799201006596941710e-01
937 5.28586104641568410578e-01
938 5.28167709487506575883e-01
939 5.28609029010626230161e-01
940 5.27304186471671210157e-01
941 5.26719521389014566637e-01
942 5.27867716543931497775e-01
943 5.28180477188685659762e-01
944 5.26892703953113272775e-01
945 5.27835004731285195589e-01
946 5.28597501266564906430e-01
947 5.28246634260803871186e-01
948 5.27795307640008481975e-01
949 5.27431683765261061225e-01
950 5.26683406098671480500e-01
951 5.26969683643103148363e-01
952 5.25580749568357319390e-01
953 5.26817963732745031535e-01
954 5.26576642324028010300e-01
955 5.27746399833346369057e-01
956 5.28266067495852920111e-01
957 5.28113182319491447636e-01
958 5.27995022838567029666e-01
959 5.27316503772875200262e-01
960 5.26426847461634817016e-01
961 5.25606646389111809015e-01
962 5.25819283017902816546e-01
963 5.25173060061538188315e-01
964 5.23983295206559840373e-01
965 5.24733913015423381054e-01
966 5.24646679672568727604e-01
967 5.24577342138118796200e-01
968 5.23598912433156815638e-01
969 5.24685598750511017485e-01
970 5.23526298158149105966e-01
971 5.22863052156058105702e-01
972 5.21866004053267995566e-01
973 5.20310626229451900215e-01
974 5.21524183527650508907e-01
975 5.20852112406544720535e-01
976 5.21779364669248790776e-01
977 5.22219173057902330548e-01
978 5.22771690557086943230e-01
979 5.21753782106217145476e-01
980 5.20337899072936926892e-01
981 5.21723027807587946825e-01
982 5.22541204632025912957e-01
983 5.21337086269202498734e-01
984 5.22416819956528999391e-01
985 5.21502457710710576322e-01
986 5.22984288806034092190e-01
987 5.23070772523952176591e-01
988 5.23557264619515239090e-01
989 5.23429809666307033211e-01
990 5.24401738099601777421e-01
991 5.25564775102450254529e-01
992 5.26179848849991915749e-01
993 5.25867283081278169554e-01
994 5.24916187205506368230e-01
995 5.25910198748542168090e-01
996 5.24844155898272712868e-01
997 5.25341749008085834305e-01
998 5.24786852422291838494e-01
999 5.24303170795858086706e-01
1000 5.24376410063996711841e-01
